3	100	16	1593	1584	9	15	15	0
3	100	18	539	531	8	10	7	3
3	100	21	1023	1016	7	15	14	1
3	100	25	1318	1312	6	17	17	0
3	100	25	1528	1521	7	20	19	1
3	100	28	1596	1584	12	25	24	1
3	100	15	549	534	15	9	8	1
3	100	21	1030	1016	14	13	12	1
3	100	23	1329	1311	18	19	17	2
3	100	33	1534	1522	12	26	26	0
3	100	20	1612	1584	28	16	15	1
3	100	13	556	538	18	7	5	2
3	100	20	1038	1018	20	15	14	1
3	100	24	1334	1313	21	19	18	1
3	100	24	1548	1521	27	22	20	2
3	100	30	1616	1585	31	21	19	2
3	100	18	568	540	28	12	10	2
3	100	18	1051	1016	35	12	12	0
3	100	19	1348	1312	36	16	15	1
3	100	43	1549	1521	28	40	40	0
3	200	44	6449	6435	14	29	29	0
3	200	45	2319	2301	18	30	30	0
3	200	39	4111	4097	14	27	27	0
3	200	33	5399	5383	16	27	26	1
3	200	36	6174	6162	12	27	27	0
3	200	37	6473	6436	37	28	27	1
3	200	27	2340	2302	38	18	17	1
3	200	30	4134	4098	36	22	21	1
3	200	40	5419	5382	37	26	25	1
3	200	38	6201	6162	39	27	27	0
3	200	30	6489	6435	54	25	25	0
3	200	29	2356	2302	54	18	17	1
3	200	37	4145	4105	40	27	25	2
3	200	42	5437	5382	55	33	30	3
3	200	61	6213	6162	51	44	44	0
3	200	59	6512	6435	77	45	44	1
3	200	43	2380	2305	75	29	23	6
3	200	62	4159	4104	55	38	37	1
3	200	37	5455	5384	71	21	19	2
3	200	31	6226	6165	61	23	22	1
