0	5
0	7
0	10
0	21
0	30
0	32
0	36
0	44
0	46
0	48
0	49
0	52
0	73
0	80
0	87
0	92
0	96
0	129
0	137
0	142
1	5
1	9
1	14
1	63
1	94
1	97
1	123
2	22
2	25
2	37
2	39
2	58
2	127
2	130
3	34
3	37
3	64
3	65
3	77
3	121
4	29
4	54
4	70
5	18
5	134
6	66
6	85
6	128
6	144
7	25
7	59
7	104
7	144
7	147
8	55
8	110
9	35
9	41
9	53
9	104
9	110
10	24
10	117
11	37
11	43
12	82
15	103
15	125
16	127
18	81
18	123
18	148
19	42
19	58
20	42
20	126
21	79
21	112
22	23
24	81
24	89
24	129
24	141
25	69
27	79
27	91
27	127
28	75
32	43
34	117
35	41
35	62
36	44
36	59
36	77
36	87
39	99
40	83
41	123
44	131
45	49
48	148
50	68
50	103
50	120
50	128
54	80
54	121
55	144
56	69
57	88
58	66
59	66
59	134
63	102
63	149
64	136
64	137
64	145
69	143
71	110
71	138
76	100
76	138
77	109
78	97
78	103
78	133
79	96
85	113
