[ 
0	4	2	2	2	2	2	3	3	2	3	2	3	2	2	2	2	3	2	2	2	2	2	2	2	3	2	2	3	2	4	3	;
0	0	2	2	1	2	2	3	4	2	3	0	2	2	2	2	2	2	2	2	2	2	2	2	2	2	2	2	2	3	4	4	;
0	0	0	4	1	0	0	2	0	2	4	4	0	4	1	2	2	2	1	2	2	2	4	2	0	2	0	1	1	1	0	0	;
0	0	0	0	2	2	0	2	2	3	2	2	1	2	2	2	0	2	4	2	2	2	2	2	2	2	2	2	2	2	2	0	;
0	0	0	0	0	0	0	2	3	2	2	1	0	2	1	2	2	0	1	2	2	2	0	2	1	0	1	2	2	0	2	2	;
0	0	0	0	0	0	0	3	0	2	2	0	0	2	2	2	0	0	2	0	2	0	0	3	0	2	2	2	3	0	4	2	;
0	0	0	0	0	0	0	2	2	0	1	0	3	0	0	0	0	0	0	0	0	0	0	0	0	0	0	2	0	0	0	0	;
0	0	0	0	0	0	0	0	1	2	4	1	2	2	2	2	2	2	2	2	2	2	2	2	2	0	2	1	2	2	2	4	;
0	0	0	0	0	0	0	0	0	0	2	0	2	1	0	1	2	0	0	0	2	2	0	0	0	0	3	0	1	0	2	4	;
0	0	0	0	0	0	0	0	0	0	2	3	2	1	2	2	2	2	2	4	2	2	4	2	2	0	2	2	3	2	2	1	;
0	0	0	0	0	0	0	0	0	0	0	0	2	2	2	2	2	2	2	2	2	2	1	2	2	0	2	2	2	0	3	3	;
0	0	0	0	0	0	0	0	0	0	0	0	0	2	1	1	0	0	2	3	2	1	1	1	2	0	0	1	0	1	2	2	;
0	0	0	0	0	0	0	0	0	0	0	0	0	1	1	2	0	2	2	1	2	2	1	0	0	2	4	2	2	2	3	3	;
0	0	0	0	0	0	0	0	0	0	0	0	0	0	3	4	4	2	3	3	3	4	3	3	3	2	2	3	4	3	3	2	;
0	0	0	0	0	0	0	0	0	0	0	0	0	0	0	2	2	0	2	1	2	2	2	2	2	0	1	0	3	0	3	1	;
0	0	0	0	0	0	0	0	0	0	0	0	0	0	0	0	2	0	2	2	4	3	0	2	2	2	1	1	2	0	2	2	;
0	0	0	0	0	0	0	0	0	0	0	0	0	0	0	0	0	1	1	3	3	3	0	2	0	1	2	1	2	2	2	2	;
0	0	0	0	0	0	0	0	0	0	0	0	0	0	0	0	0	0	0	0	0	0	0	0	0	2	2	0	2	2	4	1	;
0	0	0	0	0	0	0	0	0	0	0	0	0	0	0	0	0	0	0	2	2	3	2	2	2	2	0	2	2	1	2	0	;
0	0	0	0	0	0	0	0	0	0	0	0	0	0	0	0	0	0	0	0	3	4	2	3	3	0	0	2	3	1	0	0	;
0	0	0	0	0	0	0	0	0	0	0	0	0	0	0	0	0	0	0	0	0	3	2	2	3	0	1	2	2	1	0	1	;
0	0	0	0	0	0	0	0	0	0	0	0	0	0	0	0	0	0	0	0	0	0	0	4	2	0	0	2	4	0	0	2	;
0	0	0	0	0	0	0	0	0	0	0	0	0	0	0	0	0	0	0	0	0	0	0	2	2	0	0	2	3	2	2	0	;
0	0	0	0	0	0	0	0	0	0	0	0	0	0	0	0	0	0	0	0	0	0	0	0	3	0	2	3	3	2	2	2	;
0	0	0	0	0	0	0	0	0	0	0	0	0	0	0	0	0	0	0	0	0	0	0	0	0	0	0	1	2	0	0	0	;
0	0	0	0	0	0	0	0	0	0	0	0	0	0	0	0	0	0	0	0	0	0	0	0	0	0	0	2	2	0	3	0	;
0	0	0	0	0	0	0	0	0	0	0	0	0	0	0	0	0	0	0	0	0	0	0	0	0	0	0	0	2	2	2	2	;
0	0	0	0	0	0	0	0	0	0	0	0	0	0	0	0	0	0	0	0	0	0	0	0	0	0	0	0	2	0	2	2	;
0	0	0	0	0	0	0	0	0	0	0	0	0	0	0	0	0	0	0	0	0	0	0	0	0	0	0	0	0	2	3	2	;
0	0	0	0	0	0	0	0	0	0	0	0	0	0	0	0	0	0	0	0	0	0	0	0	0	0	0	0	0	0	3	3	;
0	0	0	0	0	0	0	0	0	0	0	0	0	0	0	0	0	0	0	0	0	0	0	0	0	0	0	0	0	0	0	4	;
0	0	0	0	0	0	0	0	0	0	0	0	0	0	0	0	0	0	0	0	0	0	0	0	0	0	0	0	0	0	0	0	;

];

|E|/5

    Edges: [376x2 table]
    Nodes: [32x0 table]

Found 15 sparse edges
Sparse edge 1: 1 <-> 2
Sparse edge 2: 1 <-> 3
Sparse edge 3: 1 <-> 4
Sparse edge 4: 1 <-> 7
Sparse edge 5: 1 <-> 11
Sparse edge 6: 1 <-> 16
Sparse edge 7: 1 <-> 23
Sparse edge 8: 1 <-> 28
Sparse edge 9: 2 <-> 10
Sparse edge 10: 2 <-> 13
Sparse edge 11: 2 <-> 25
Sparse edge 12: 2 <-> 30
Sparse edge 13: 2 <-> 32
Sparse edge 14: 3 <-> 29
Sparse edge 15: 4 <-> 16
