[ 
0	4	2	2	2	2	2	2	2	2	2	2	2	2	2	2	2	3	2	2	2	2	2	2	2	3	2	2	2	2	4	2	;
0	0	2	0	1	0	3	3	4	1	3	0	2	2	2	3	2	0	1	2	3	2	0	2	0	0	2	1	2	3	4	4	;
0	0	0	4	1	0	0	2	0	2	4	4	0	4	1	2	2	2	1	2	2	2	4	2	0	2	0	1	1	1	0	0	;
0	0	0	0	2	0	0	2	2	2	2	2	2	2	2	1	0	0	4	2	2	2	2	2	2	0	2	2	2	0	2	0	;
0	0	0	0	0	0	0	2	3	2	2	1	0	2	1	2	2	0	1	2	2	2	0	2	1	0	1	2	2	0	2	2	;
0	0	0	0	0	0	0	2	0	0	0	0	0	2	0	1	0	0	2	0	1	0	0	0	0	0	2	0	2	0	2	0	;
0	0	0	0	0	0	0	2	2	0	1	0	3	0	0	0	0	0	0	0	0	0	0	0	0	0	0	2	0	0	0	0	;
0	0	0	0	0	0	0	0	1	0	2	0	2	2	2	2	2	0	1	2	2	1	1	2	2	0	2	0	2	2	0	0	;
0	0	0	0	0	0	0	0	0	0	1	0	2	1	0	0	0	0	0	0	1	3	0	0	0	0	3	0	0	0	0	4	;
0	0	0	0	0	0	0	0	0	0	2	3	0	1	2	2	2	0	2	3	2	2	4	2	2	0	0	2	2	2	0	0	;
0	0	0	0	0	0	0	0	0	0	0	0	0	2	1	2	2	0	1	2	2	2	1	2	2	0	2	1	1	0	1	0	;
0	0	0	0	0	0	0	0	0	0	0	0	0	2	0	1	0	0	2	2	2	2	0	0	2	0	0	0	2	2	0	0	;
0	0	0	0	0	0	0	0	0	0	0	0	0	1	1	1	0	0	2	1	1	1	1	0	0	2	4	2	2	2	3	3	;
0	0	0	0	0	0	0	0	0	0	0	0	0	0	3	4	3	2	3	3	3	4	3	3	3	2	1	2	4	3	2	0	;
0	0	0	0	0	0	0	0	0	0	0	0	0	0	0	2	2	0	2	1	2	1	2	2	2	0	0	0	3	0	2	0	;
0	0	0	0	0	0	0	0	0	0	0	0	0	0	0	0	3	0	1	2	4	3	0	3	2	0	0	0	2	0	0	0	;
0	0	0	0	0	0	0	0	0	0	0	0	0	0	0	0	0	0	1	3	3	3	0	2	0	0	0	1	1	0	2	0	;
0	0	0	0	0	0	0	0	0	0	0	0	0	0	0	0	0	0	1	0	0	0	0	1	0	2	2	1	2	2	4	0	;
0	0	0	0	0	0	0	0	0	0	0	0	0	0	0	0	0	0	0	1	2	3	2	2	2	2	0	2	2	1	2	0	;
0	0	0	0	0	0	0	0	0	0	0	0	0	0	0	0	0	0	0	0	3	4	2	3	3	0	0	2	3	1	0	0	;
0	0	0	0	0	0	0	0	0	0	0	0	0	0	0	0	0	0	0	0	0	2	2	2	3	0	1	2	2	1	0	1	;
0	0	0	0	0	0	0	0	0	0	0	0	0	0	0	0	0	0	0	0	0	0	0	4	2	0	0	2	4	0	0	0	;
0	0	0	0	0	0	0	0	0	0	0	0	0	0	0	0	0	0	0	0	0	0	0	1	2	0	0	1	2	0	0	0	;
0	0	0	0	0	0	0	0	0	0	0	0	0	0	0	0	0	0	0	0	0	0	0	0	3	0	2	2	3	0	0	0	;
0	0	0	0	0	0	0	0	0	0	0	0	0	0	0	0	0	0	0	0	0	0	0	0	0	0	0	1	0	0	0	0	;
0	0	0	0	0	0	0	0	0	0	0	0	0	0	0	0	0	0	0	0	0	0	0	0	0	0	0	2	2	0	3	0	;
0	0	0	0	0	0	0	0	0	0	0	0	0	0	0	0	0	0	0	0	0	0	0	0	0	0	0	0	0	2	0	0	;
0	0	0	0	0	0	0	0	0	0	0	0	0	0	0	0	0	0	0	0	0	0	0	0	0	0	0	0	2	0	2	0	;
0	0	0	0	0	0	0	0	0	0	0	0	0	0	0	0	0	0	0	0	0	0	0	0	0	0	0	0	0	2	2	0	;
0	0	0	0	0	0	0	0	0	0	0	0	0	0	0	0	0	0	0	0	0	0	0	0	0	0	0	0	0	0	0	2	;
0	0	0	0	0	0	0	0	0	0	0	0	0	0	0	0	0	0	0	0	0	0	0	0	0	0	0	0	0	0	0	0	;
0	0	0	0	0	0	0	0	0	0	0	0	0	0	0	0	0	0	0	0	0	0	0	0	0	0	0	0	0	0	0	0	;

];

[E]/5

    Edges: [310x2 table]
    Nodes: [32x0 table]

Found 15 sparse edges
Sparse edge 1: 1 <-> 3
Sparse edge 2: 1 <-> 4
Sparse edge 3: 1 <-> 6
Sparse edge 4: 1 <-> 7
Sparse edge 5: 1 <-> 11
Sparse edge 6: 1 <-> 13
Sparse edge 7: 1 <-> 14
Sparse edge 8: 1 <-> 19
Sparse edge 9: 1 <-> 23
Sparse edge 10: 2 <-> 3
Sparse edge 11: 2 <-> 8
Sparse edge 12: 2 <-> 27
Sparse edge 13: 3 <-> 10
Sparse edge 14: 3 <-> 14
Sparse edge 15: 3 <-> 22